Instância 1:

n = 12
C=[1, 2, 3, 4, 5, 6, 7, 8, 9, 10, 11, 12]
x={0: 3, 1: 23, 2: 42, 3: 34, 4: 17, 5: 91, 6: 8, 7: 83, 8: 25, 9: 79, 10: 69, 11: 39, 12: 83}
y={0: 15, 1: 78, 2: 53, 3: 8, 4: 47, 5: 78, 6: 12, 7: 53, 8: 82, 9: 58, 10: 35, 11: 72, 12: 10}
q={0: 1, 1: 1, 2: 1, 3: 1, 4: 1, 5: 1, 6: 1, 7: 1, 8: 1, 9: 1, 10: 1, 11: 1, 12: 1}
p={0: 0.26266369929717515, 1: 0.9105203232699572, 2: 0.5761007748204056, 3: 0.9693661729369689, 4: 0.04330927647637206, 5: 0.4527361806679503, 6: 0.2997500515945183, 7: 0.7681239442857066, 8: 0.7287134404031639, 9: 0.5117792891431739, 10: 0.97705279241079, 11: 0.20444750927283328, 12: 0.08331003390462965}
r={0: 6, 1: 3, 2: 10, 3: 3, 4: 9, 5: 2, 6: 9, 7: 7, 8: 7, 9: 6, 10: 5, 11: 6, 12: 2}
Q=12

SOLUÇÃO SEM ENTREGADORES OCASIONAIS -> 319
MIN - EXAUSTIVO
284.7 <- [1, 2, 5, 8, 10, 11, 12]

Instância 2:

n = 13
C=[1, 2, 3, 4, 5, 6, 7, 8, 9, 10, 11, 12, 13]
x={0: 32, 1: 80, 2: 10, 3: 86, 4: 5, 5: 32, 6: 39, 7: 25, 8: 68, 9: 65, 10: 77, 11: 99, 12: 74, 13: 87}
y={0: 6, 1: 77, 2: 4, 3: 77, 4: 52, 5: 94, 6: 49, 7: 3, 8: 48, 9: 80, 10: 14, 11: 2, 12: 13, 13: 70}
q={0: 1, 1: 1, 2: 1, 3: 1, 4: 1, 5: 1, 6: 1, 7: 1, 8: 1, 9: 1, 10: 1, 11: 1, 12: 1, 13: 1}
p={0: 0.020669624592521307, 1: 0.2990840318396233, 2: 0.021501051369915092, 3: 0.4640928902089929, 4: 0.7862898589578172, 5: 0.26934051004895454, 6: 0.8982378243987975, 7: 0.704443064847012, 8: 0.8732709690654726, 9: 0.0654237246494167, 10: 0.4010964490810075, 11: 0.07989146742844044, 12: 0.559246320424422, 13: 0.3826072495437086}
r={0: 14, 1: 10, 2: 11, 3: 11, 4: 10, 5: 13, 6: 14, 7: 12, 8: 10, 9: 15, 10: 15, 11: 11, 12: 10, 13: 15}
Q=13

SOLUÇÃO SEM ENTREGADORES OCASIONAIS -> 366
MIN - EXAUSTIVO
337 <- [2, 4, 5, 8, 11]

Instância 3:

n = 14
C=[1, 2, 3, 4, 5, 6, 7, 8, 9, 10, 11, 12, 13, 14]
x={0: 57, 1: 60, 2: 91, 3: 77, 4: 52, 5: 50, 6: 99, 7: 1, 8: 12, 9: 94, 10: 44, 11: 23, 12: 27, 13: 33, 14: 85}
y={0: 3, 1: 52, 2: 13, 3: 56, 4: 6, 5: 8, 6: 38, 7: 81, 8: 31, 9: 45, 10: 16, 11: 78, 12: 100, 13: 61, 14: 28}
q={0: 1, 1: 1, 2: 1, 3: 1, 4: 1, 5: 1, 6: 1, 7: 1, 8: 1, 9: 1, 10: 1, 11: 1, 12: 1, 13: 1, 14: 1}
p={0: 0.3651823392606387, 1: 0.4295896155160178, 2: 0.818411756528453, 3: 0.1948885488542671, 4: 0.6277083324079809, 5: 0.27518367917667363, 6: 0.3048153363238888, 7: 0.8066454911376206, 8: 0.5942252122559062, 9: 0.13593155714825245, 10: 0.6079522100064465, 11: 0.5371995793533364, 12: 0.9954007884255917, 13: 0.6472665214458186, 14: 0.3190960306606727}
r={0: 5, 1: 5, 2: 5, 3: 13, 4: 15, 5: 6, 6: 13, 7: 7, 8: 15, 9: 14, 10: 5, 11: 10, 12: 11, 13: 6, 14: 5}
Q=14

SOLUÇÃO SEM ENTREGADORES OCASIONAIS -> 317
MIN - EXAUSTIVO
259.2 <- [2, 7, 8, 11, 12, 13]